[gd_scene load_steps=12 format=3 uid="uid://ca8h5g8r1dyvk"]

[ext_resource type="Script" path="res://enemies/Meltona/meltona.gd" id="1_5xk15"]
[ext_resource type="Script" path="res://enemies/Meltona/BodyElements.gd" id="2_2ogb3"]
[ext_resource type="Script" path="res://scripts/components/HealthComponent.gd" id="2_i2pql"]
[ext_resource type="Script" path="res://enemies/MeltonaHurtComponent.gd" id="4_oaq1j"]
[ext_resource type="Script" path="res://scripts/components/DeathComponent.gd" id="5_f4rxm"]
[ext_resource type="AudioStream" uid="uid://u3bkw74xvhmd" path="res://assets/meltona_sfx_boss_loop.ogg" id="6_w8hoe"]
[ext_resource type="Script" path="res://scripts/enemies/MeltonaTimer.gd" id="7_0f20c"]

[sub_resource type="CylinderShape3D" id="CylinderShape3D_412bj"]
height = 4.0
radius = 1.8

[sub_resource type="Curve3D" id="Curve3D_mj05u"]
resource_local_to_scene = true
_data = {
"points": PackedVector3Array(-0.713441, -0.0563073, -1.49794e-07, 0.713441, 0.0563073, 1.49794e-07, 1, 1, 0, 0, 0, 0, -1, -1, 0, 0.661998, -0.365088, 5.78737e-08, 0, 0, 0, 1, -1, 0, 0.924859, -1.21208, 8.08537e-08, -0.438101, -0.856732, -3.83e-08, 0.438101, 0.856732, 3.83e-08, -1.3508, 1.42661, -1.1809e-07, 0, 0, 0, 0, 0, 0, 1, 1, 0),
"tilts": PackedFloat32Array(0, 0, 0, 0, 0)
}
point_count = 5

[sub_resource type="BoxMesh" id="BoxMesh_ygcbp"]
size = Vector3(0.5, 0.5, 0.5)

[sub_resource type="SphereShape3D" id="SphereShape3D_rrk5u"]
radius = 1.6

[node name="Meltona" type="CharacterBody3D"]
script = ExtResource("1_5xk15")

[node name="CollisionShape3D" type="CollisionShape3D" parent="."]
shape = SubResource("CylinderShape3D_412bj")

[node name="OmniLight3D" type="OmniLight3D" parent="."]
transform = Transform3D(1, 0, 0, 0, 1, 0, 0, 0, 1, 0, 0.68508, -0.0193826)
light_color = Color(1, 0, 0, 1)
light_energy = 10.0
light_indirect_energy = 5.0
light_bake_mode = 0
shadow_enabled = true
shadow_reverse_cull_face = true
omni_range = 28.824
omni_attenuation = 2.14355

[node name="BodyElements" type="Node3D" parent="."]
script = ExtResource("2_2ogb3")

[node name="X-Circle" type="Path3D" parent="BodyElements"]
curve = SubResource("Curve3D_mj05u")

[node name="el_1" type="PathFollow3D" parent="BodyElements/X-Circle"]
transform = Transform3D(-2.81836e-07, -0.0786789, -0.9969, -3.72529e-09, 0.9969, -0.0786789, 1, -1.84608e-08, -2.81255e-07, 1, 1, 0)

[node name="MeshInstance3D" type="MeshInstance3D" parent="BodyElements/X-Circle/el_1"]
transform = Transform3D(7.54979e-08, -3.55271e-15, -1, 0.707107, 0.707107, 5.33851e-08, 0.707107, -0.707107, 5.33851e-08, 0, 0, 0)
mesh = SubResource("BoxMesh_ygcbp")
skeleton = NodePath("../../../..")

[node name="el_2" type="PathFollow3D" parent="BodyElements/X-Circle"]
transform = Transform3D(-3.8453e-07, 0.793581, 0.608462, 2.36944e-07, -0.608462, 0.793581, 1, 4.49327e-07, 4.59376e-08, 0.451166, -0.600824, 5.83893e-08)
progress = 2.0

[node name="MeshInstance3D2" type="MeshInstance3D" parent="BodyElements/X-Circle/el_2"]
transform = Transform3D(7.54979e-08, -3.55271e-15, -1, 0.707107, 0.707107, 5.33851e-08, 0.707107, -0.707107, 5.33851e-08, 0, 0, 0)
mesh = SubResource("BoxMesh_ygcbp")
skeleton = NodePath("../../../..")

[node name="el_3" type="PathFollow3D" parent="BodyElements/X-Circle"]
transform = Transform3D(1.40313e-07, -0.63976, 0.768571, 1.16051e-07, -0.768571, -0.63976, 1, 1.7896e-07, -3.35953e-08, 0.378358, -0.919549, -4.26374e-09)
progress = 4.0

[node name="MeshInstance3D" type="MeshInstance3D" parent="BodyElements/X-Circle/el_3"]
transform = Transform3D(7.54979e-08, -3.55271e-15, -1, 0.707107, 0.707107, 5.33851e-08, 0.707107, -0.707107, 5.33851e-08, 0, 0, 0)
mesh = SubResource("BoxMesh_ygcbp")
skeleton = NodePath("../../../..")

[node name="el_4" type="PathFollow3D" parent="BodyElements/X-Circle"]
transform = Transform3D(-7.3756e-08, -0.801022, 0.598632, 9.0391e-08, -0.598632, -0.801022, 1, -4.96921e-09, 1.16558e-07, -1.02874, 0.497883, -1.02497e-07)
progress = 6.0

[node name="MeshInstance3D" type="MeshInstance3D" parent="BodyElements/X-Circle/el_4"]
transform = Transform3D(7.54979e-08, -3.55271e-15, -1, 0.707107, 0.707107, 5.33851e-08, 0.707107, -0.707107, 5.33851e-08, 0, 0, 0)
mesh = SubResource("BoxMesh_ygcbp")
skeleton = NodePath("../../../..")

[node name="el_5" type="PathFollow3D" parent="BodyElements/X-Circle"]
transform = Transform3D(1.38268e-07, -0.725153, -0.688586, -5.96046e-08, 0.688586, -0.725153, 1, 1.41308e-07, 5.19868e-08, -1.26336, 1.55159, -1.11251e-07)
progress = 7.17598

[node name="MeshInstance3D" type="MeshInstance3D" parent="BodyElements/X-Circle/el_5"]
transform = Transform3D(7.54979e-08, -3.55271e-15, -1, 0.707107, 0.707107, 5.33851e-08, 0.707107, -0.707107, 5.33851e-08, 0, 0, 0)
mesh = SubResource("BoxMesh_ygcbp")
skeleton = NodePath("../../../..")

[node name="el_6" type="PathFollow3D" parent="BodyElements/X-Circle"]
transform = Transform3D(-3.02474e-07, 0.888987, 0.457925, 1.78323e-07, -0.457925, 0.888987, 1, 3.50554e-07, -2.00165e-08, 1.0782, 0.298463, 8.4545e-08)
progress = 0.896997

[node name="MeshInstance3D" type="MeshInstance3D" parent="BodyElements/X-Circle/el_6"]
transform = Transform3D(7.54979e-08, -3.55271e-15, -1, 0.707107, 0.707107, 5.33851e-08, 0.707107, -0.707107, 5.33851e-08, 0, 0, 0)
mesh = SubResource("BoxMesh_ygcbp")
skeleton = NodePath("../../../..")

[node name="Y-Circle" type="Path3D" parent="BodyElements"]
transform = Transform3D(1, 0, 0, 0, -4.37114e-08, -1, 0, 1, -4.37114e-08, 0, 0, 0)
curve = SubResource("Curve3D_mj05u")

[node name="el_1" type="PathFollow3D" parent="BodyElements/Y-Circle"]
transform = Transform3D(-2.81836e-07, -0.0786789, -0.9969, -3.72529e-09, 0.9969, -0.0786789, 1, -1.84608e-08, -2.81255e-07, 1, 1, 0)

[node name="MeshInstance3D" type="MeshInstance3D" parent="BodyElements/Y-Circle/el_1"]
transform = Transform3D(7.54979e-08, -3.55271e-15, -1, 0.707107, 0.707107, 5.33851e-08, 0.707107, -0.707107, 5.33851e-08, 0, 0, 0)
mesh = SubResource("BoxMesh_ygcbp")
skeleton = NodePath("../../../..")

[node name="el_2" type="PathFollow3D" parent="BodyElements/Y-Circle"]
transform = Transform3D(-3.8453e-07, 0.793581, 0.608462, 2.36944e-07, -0.608462, 0.793581, 1, 4.49327e-07, 4.59376e-08, 0.451166, -0.600824, 5.83893e-08)
progress = 2.0

[node name="MeshInstance3D2" type="MeshInstance3D" parent="BodyElements/Y-Circle/el_2"]
transform = Transform3D(7.54979e-08, -3.55271e-15, -1, 0.707107, 0.707107, 5.33851e-08, 0.707107, -0.707107, 5.33851e-08, 0, 0, 0)
mesh = SubResource("BoxMesh_ygcbp")
skeleton = NodePath("../../../..")

[node name="el_3" type="PathFollow3D" parent="BodyElements/Y-Circle"]
transform = Transform3D(1.40313e-07, -0.63976, 0.768571, 1.16051e-07, -0.768571, -0.63976, 1, 1.7896e-07, -3.35953e-08, 0.378358, -0.919549, -4.26374e-09)
progress = 4.0

[node name="MeshInstance3D" type="MeshInstance3D" parent="BodyElements/Y-Circle/el_3"]
transform = Transform3D(7.54979e-08, -3.55271e-15, -1, 0.707107, 0.707107, 5.33851e-08, 0.707107, -0.707107, 5.33851e-08, 0, 0, 0)
mesh = SubResource("BoxMesh_ygcbp")
skeleton = NodePath("../../../..")

[node name="el_4" type="PathFollow3D" parent="BodyElements/Y-Circle"]
transform = Transform3D(-7.3756e-08, -0.801022, 0.598632, 9.0391e-08, -0.598632, -0.801022, 1, -4.96921e-09, 1.16558e-07, -1.02874, 0.497883, -1.02497e-07)
progress = 6.0

[node name="MeshInstance3D" type="MeshInstance3D" parent="BodyElements/Y-Circle/el_4"]
transform = Transform3D(7.54979e-08, -3.55271e-15, -1, 0.707107, 0.707107, 5.33851e-08, 0.707107, -0.707107, 5.33851e-08, 0, 0, 0)
mesh = SubResource("BoxMesh_ygcbp")
skeleton = NodePath("../../../..")

[node name="el_5" type="PathFollow3D" parent="BodyElements/Y-Circle"]
transform = Transform3D(1.38268e-07, -0.725153, -0.688586, -5.96046e-08, 0.688586, -0.725153, 1, 1.41308e-07, 5.19868e-08, -1.26336, 1.55159, -1.11251e-07)
progress = 7.17598

[node name="MeshInstance3D" type="MeshInstance3D" parent="BodyElements/Y-Circle/el_5"]
transform = Transform3D(7.54979e-08, -3.55271e-15, -1, 0.707107, 0.707107, 5.33851e-08, 0.707107, -0.707107, 5.33851e-08, 0, 0, 0)
mesh = SubResource("BoxMesh_ygcbp")
skeleton = NodePath("../../../..")

[node name="el_6" type="PathFollow3D" parent="BodyElements/Y-Circle"]
transform = Transform3D(-3.02474e-07, 0.888987, 0.457925, 1.78323e-07, -0.457925, 0.888987, 1, 3.50554e-07, -2.00165e-08, 1.0782, 0.298463, 8.4545e-08)
progress = 0.896997

[node name="MeshInstance3D" type="MeshInstance3D" parent="BodyElements/Y-Circle/el_6"]
transform = Transform3D(7.54979e-08, -3.55271e-15, -1, 0.707107, 0.707107, 5.33851e-08, 0.707107, -0.707107, 5.33851e-08, 0, 0, 0)
mesh = SubResource("BoxMesh_ygcbp")
skeleton = NodePath("../../../..")

[node name="Z-Circle" type="Path3D" parent="BodyElements"]
transform = Transform3D(-4.37114e-08, 0, 1, 0, 1, 0, -1, 0, -4.37114e-08, 0, 0, 0)
curve = SubResource("Curve3D_mj05u")

[node name="el_1" type="PathFollow3D" parent="BodyElements/Z-Circle"]
transform = Transform3D(-2.81836e-07, -0.0786789, -0.9969, -3.72529e-09, 0.9969, -0.0786789, 1, -1.84608e-08, -2.81255e-07, 1, 1, 0)

[node name="MeshInstance3D" type="MeshInstance3D" parent="BodyElements/Z-Circle/el_1"]
transform = Transform3D(7.54979e-08, -3.55271e-15, -1, 0.707107, 0.707107, 5.33851e-08, 0.707107, -0.707107, 5.33851e-08, 0, 0, 0)
mesh = SubResource("BoxMesh_ygcbp")
skeleton = NodePath("../../../..")

[node name="el_2" type="PathFollow3D" parent="BodyElements/Z-Circle"]
transform = Transform3D(-3.8453e-07, 0.793581, 0.608462, 2.36944e-07, -0.608462, 0.793581, 1, 4.49327e-07, 4.59376e-08, 0.451166, -0.600824, 5.83893e-08)
progress = 2.0

[node name="MeshInstance3D2" type="MeshInstance3D" parent="BodyElements/Z-Circle/el_2"]
transform = Transform3D(7.54979e-08, -3.55271e-15, -1, 0.707107, 0.707107, 5.33851e-08, 0.707107, -0.707107, 5.33851e-08, 0, 0, 0)
mesh = SubResource("BoxMesh_ygcbp")
skeleton = NodePath("../../../..")

[node name="el_3" type="PathFollow3D" parent="BodyElements/Z-Circle"]
transform = Transform3D(1.40313e-07, -0.63976, 0.768571, 1.16051e-07, -0.768571, -0.63976, 1, 1.7896e-07, -3.35953e-08, 0.378358, -0.919549, -4.26374e-09)
progress = 4.0

[node name="MeshInstance3D" type="MeshInstance3D" parent="BodyElements/Z-Circle/el_3"]
transform = Transform3D(7.54979e-08, -3.55271e-15, -1, 0.707107, 0.707107, 5.33851e-08, 0.707107, -0.707107, 5.33851e-08, 0, 0, 0)
mesh = SubResource("BoxMesh_ygcbp")
skeleton = NodePath("../../../..")

[node name="el_4" type="PathFollow3D" parent="BodyElements/Z-Circle"]
transform = Transform3D(-7.3756e-08, -0.801022, 0.598632, 9.0391e-08, -0.598632, -0.801022, 1, -4.96921e-09, 1.16558e-07, -1.02874, 0.497883, -1.02497e-07)
progress = 6.0

[node name="MeshInstance3D" type="MeshInstance3D" parent="BodyElements/Z-Circle/el_4"]
transform = Transform3D(7.54979e-08, -3.55271e-15, -1, 0.707107, 0.707107, 5.33851e-08, 0.707107, -0.707107, 5.33851e-08, 0, 0, 0)
mesh = SubResource("BoxMesh_ygcbp")
skeleton = NodePath("../../../..")

[node name="el_5" type="PathFollow3D" parent="BodyElements/Z-Circle"]
transform = Transform3D(1.38268e-07, -0.725153, -0.688586, -5.96046e-08, 0.688586, -0.725153, 1, 1.41308e-07, 5.19868e-08, -1.26336, 1.55159, -1.11251e-07)
progress = 7.17598

[node name="MeshInstance3D" type="MeshInstance3D" parent="BodyElements/Z-Circle/el_5"]
transform = Transform3D(7.54979e-08, -3.55271e-15, -1, 0.707107, 0.707107, 5.33851e-08, 0.707107, -0.707107, 5.33851e-08, 0, 0, 0)
mesh = SubResource("BoxMesh_ygcbp")
skeleton = NodePath("../../../..")

[node name="el_6" type="PathFollow3D" parent="BodyElements/Z-Circle"]
transform = Transform3D(-3.02474e-07, 0.888987, 0.457925, 1.78323e-07, -0.457925, 0.888987, 1, 3.50554e-07, -2.00165e-08, 1.0782, 0.298463, 8.4545e-08)
progress = 0.896997

[node name="MeshInstance3D" type="MeshInstance3D" parent="BodyElements/Z-Circle/el_6"]
transform = Transform3D(7.54979e-08, -3.55271e-15, -1, 0.707107, 0.707107, 5.33851e-08, 0.707107, -0.707107, 5.33851e-08, 0, 0, 0)
mesh = SubResource("BoxMesh_ygcbp")
skeleton = NodePath("../../../..")

[node name="InternalCurve" type="Path3D" parent="BodyElements"]
transform = Transform3D(0.414693, 0.909961, 5.38228e-08, 0.560228, -0.255311, -0.788011, -0.717059, 0.326783, -0.615662, 0, 0, 0)
curve = SubResource("Curve3D_mj05u")

[node name="el_1" type="PathFollow3D" parent="BodyElements/InternalCurve"]
transform = Transform3D(-2.81836e-07, -0.0786789, -0.9969, -3.72529e-09, 0.9969, -0.0786789, 1, -1.84608e-08, -2.81255e-07, 1, 1, 0)

[node name="MeshInstance3D" type="MeshInstance3D" parent="BodyElements/InternalCurve/el_1"]
transform = Transform3D(7.54979e-08, -3.55271e-15, -1, 0.707107, 0.707107, 5.33851e-08, 0.707107, -0.707107, 5.33851e-08, 0, 0, 0)
mesh = SubResource("BoxMesh_ygcbp")
skeleton = NodePath("../../../Z-Circle")

[node name="el_2" type="PathFollow3D" parent="BodyElements/InternalCurve"]
transform = Transform3D(-3.8453e-07, 0.79358, 0.608462, 2.36944e-07, -0.608462, 0.79358, 1, 4.49327e-07, 4.59376e-08, 0.451166, -0.600824, 5.83893e-08)
progress = 2.0

[node name="MeshInstance3D2" type="MeshInstance3D" parent="BodyElements/InternalCurve/el_2"]
transform = Transform3D(7.54979e-08, -3.55271e-15, -1, 0.707107, 0.707107, 5.33851e-08, 0.707107, -0.707107, 5.33851e-08, 0, 0, 0)
mesh = SubResource("BoxMesh_ygcbp")
skeleton = NodePath("../../../Z-Circle")

[node name="el_3" type="PathFollow3D" parent="BodyElements/InternalCurve"]
transform = Transform3D(1.40313e-07, -0.63976, 0.768571, 1.16051e-07, -0.768571, -0.63976, 1, 1.7896e-07, -3.35953e-08, 0.378358, -0.919549, -4.26374e-09)
progress = 4.0

[node name="MeshInstance3D" type="MeshInstance3D" parent="BodyElements/InternalCurve/el_3"]
transform = Transform3D(7.54979e-08, -3.55271e-15, -1, 0.707107, 0.707107, 5.33851e-08, 0.707107, -0.707107, 5.33851e-08, 0, 0, 0)
mesh = SubResource("BoxMesh_ygcbp")
skeleton = NodePath("../../../Z-Circle")

[node name="el_4" type="PathFollow3D" parent="BodyElements/InternalCurve"]
transform = Transform3D(-7.3756e-08, -0.801022, 0.598632, 9.0391e-08, -0.598632, -0.801022, 1, -4.96921e-09, 1.16558e-07, -1.02874, 0.497883, -1.02497e-07)
progress = 6.0

[node name="MeshInstance3D" type="MeshInstance3D" parent="BodyElements/InternalCurve/el_4"]
transform = Transform3D(7.54979e-08, -3.55271e-15, -1, 0.707107, 0.707107, 5.33851e-08, 0.707107, -0.707107, 5.33851e-08, 0, 0, 0)
mesh = SubResource("BoxMesh_ygcbp")
skeleton = NodePath("../../../Z-Circle")

[node name="el_5" type="PathFollow3D" parent="BodyElements/InternalCurve"]
transform = Transform3D(1.38268e-07, -0.725153, -0.688586, -5.96046e-08, 0.688586, -0.725153, 1, 1.41308e-07, 5.19868e-08, -1.26336, 1.55159, -1.11251e-07)
progress = 7.17598

[node name="MeshInstance3D" type="MeshInstance3D" parent="BodyElements/InternalCurve/el_5"]
transform = Transform3D(7.54979e-08, -3.55271e-15, -1, 0.707107, 0.707107, 5.33851e-08, 0.707107, -0.707107, 5.33851e-08, 0, 0, 0)
mesh = SubResource("BoxMesh_ygcbp")
skeleton = NodePath("../../../Z-Circle")

[node name="el_6" type="PathFollow3D" parent="BodyElements/InternalCurve"]
transform = Transform3D(-3.02474e-07, 0.888988, 0.457926, 1.78323e-07, -0.457926, 0.888988, 1, 3.50555e-07, -2.00166e-08, 1.0782, 0.298463, 8.4545e-08)
progress = 0.896997

[node name="MeshInstance3D" type="MeshInstance3D" parent="BodyElements/InternalCurve/el_6"]
transform = Transform3D(7.54979e-08, -3.55271e-15, -1, 0.707107, 0.707107, 5.33851e-08, 0.707107, -0.707107, 5.33851e-08, 0, 0, 0)
mesh = SubResource("BoxMesh_ygcbp")
skeleton = NodePath("../../../Z-Circle")

[node name="InternalCurve3" type="Path3D" parent="BodyElements"]
transform = Transform3D(-1, 7.29006e-08, 4.82519e-08, 0, 0.551937, -0.833886, -8.74228e-08, -0.833886, -0.551937, 0, 0, 0)
curve = SubResource("Curve3D_mj05u")

[node name="el_1" type="PathFollow3D" parent="BodyElements/InternalCurve3"]
transform = Transform3D(-2.81836e-07, -0.0786789, -0.9969, -3.72529e-09, 0.9969, -0.0786789, 1, -1.84608e-08, -2.81255e-07, 1, 1, 0)

[node name="MeshInstance3D" type="MeshInstance3D" parent="BodyElements/InternalCurve3/el_1"]
transform = Transform3D(7.54979e-08, -3.55271e-15, -1, 0.707107, 0.707107, 5.33851e-08, 0.707107, -0.707107, 5.33851e-08, 0, 0, 0)
mesh = SubResource("BoxMesh_ygcbp")
skeleton = NodePath("../../../Z-Circle")

[node name="el_2" type="PathFollow3D" parent="BodyElements/InternalCurve3"]
transform = Transform3D(-3.8453e-07, 0.79358, 0.608462, 2.36944e-07, -0.608462, 0.79358, 1, 4.49327e-07, 4.59376e-08, 0.451166, -0.600824, 5.83893e-08)
progress = 2.0

[node name="MeshInstance3D2" type="MeshInstance3D" parent="BodyElements/InternalCurve3/el_2"]
transform = Transform3D(7.54979e-08, -3.55271e-15, -1, 0.707107, 0.707107, 5.33851e-08, 0.707107, -0.707107, 5.33851e-08, 0, 0, 0)
mesh = SubResource("BoxMesh_ygcbp")
skeleton = NodePath("../../../Z-Circle")

[node name="el_3" type="PathFollow3D" parent="BodyElements/InternalCurve3"]
transform = Transform3D(1.40313e-07, -0.639761, 0.768572, 1.16051e-07, -0.768572, -0.639761, 1, 1.7896e-07, -3.35953e-08, 0.378358, -0.919549, -4.26374e-09)
progress = 4.0

[node name="MeshInstance3D" type="MeshInstance3D" parent="BodyElements/InternalCurve3/el_3"]
transform = Transform3D(7.54979e-08, -3.55271e-15, -1, 0.707107, 0.707107, 5.33851e-08, 0.707107, -0.707107, 5.33851e-08, 0, 0, 0)
mesh = SubResource("BoxMesh_ygcbp")
skeleton = NodePath("../../../Z-Circle")

[node name="el_4" type="PathFollow3D" parent="BodyElements/InternalCurve3"]
transform = Transform3D(-7.3756e-08, -0.801022, 0.598632, 9.0391e-08, -0.598632, -0.801022, 1, -4.96921e-09, 1.16558e-07, -1.02874, 0.497883, -1.02497e-07)
progress = 6.0

[node name="MeshInstance3D" type="MeshInstance3D" parent="BodyElements/InternalCurve3/el_4"]
transform = Transform3D(7.54979e-08, -3.55271e-15, -1, 0.707107, 0.707107, 5.33851e-08, 0.707107, -0.707107, 5.33851e-08, 0, 0, 0)
mesh = SubResource("BoxMesh_ygcbp")
skeleton = NodePath("../../../Z-Circle")

[node name="el_5" type="PathFollow3D" parent="BodyElements/InternalCurve3"]
transform = Transform3D(1.38268e-07, -0.725153, -0.688586, -5.96046e-08, 0.688586, -0.725153, 1, 1.41308e-07, 5.19868e-08, -1.26336, 1.55159, -1.11251e-07)
progress = 7.17598

[node name="MeshInstance3D" type="MeshInstance3D" parent="BodyElements/InternalCurve3/el_5"]
transform = Transform3D(7.54979e-08, -3.55271e-15, -1, 0.707107, 0.707107, 5.33851e-08, 0.707107, -0.707107, 5.33851e-08, 0, 0, 0)
mesh = SubResource("BoxMesh_ygcbp")
skeleton = NodePath("../../../Z-Circle")

[node name="el_6" type="PathFollow3D" parent="BodyElements/InternalCurve3"]
transform = Transform3D(-3.02474e-07, 0.888988, 0.457926, 1.78323e-07, -0.457926, 0.888988, 1, 3.50555e-07, -2.00166e-08, 1.0782, 0.298463, 8.4545e-08)
progress = 0.896997

[node name="MeshInstance3D" type="MeshInstance3D" parent="BodyElements/InternalCurve3/el_6"]
transform = Transform3D(7.54979e-08, -3.55271e-15, -1, 0.707107, 0.707107, 5.33851e-08, 0.707107, -0.707107, 5.33851e-08, 0, 0, 0)
mesh = SubResource("BoxMesh_ygcbp")
skeleton = NodePath("../../../Z-Circle")

[node name="InternalCurve2" type="Path3D" parent="BodyElements"]
transform = Transform3D(-0.165048, 0.817668, -0.551524, 0, 0.559193, 0.829038, 0.986286, 0.136831, -0.0922935, 0, 0, 0)
curve = SubResource("Curve3D_mj05u")

[node name="el_1" type="PathFollow3D" parent="BodyElements/InternalCurve2"]
transform = Transform3D(-2.81836e-07, -0.0786789, -0.9969, -3.72529e-09, 0.9969, -0.0786789, 1, -1.84608e-08, -2.81255e-07, 1, 1, 0)

[node name="MeshInstance3D" type="MeshInstance3D" parent="BodyElements/InternalCurve2/el_1"]
transform = Transform3D(7.54979e-08, -3.55271e-15, -1, 0.707107, 0.707107, 5.33851e-08, 0.707107, -0.707107, 5.33851e-08, 0, 0, 0)
mesh = SubResource("BoxMesh_ygcbp")
skeleton = NodePath("../../../Z-Circle")

[node name="el_2" type="PathFollow3D" parent="BodyElements/InternalCurve2"]
transform = Transform3D(-3.8453e-07, 0.793581, 0.608462, 2.36944e-07, -0.608462, 0.793581, 1, 4.49327e-07, 4.59376e-08, 0.451166, -0.600824, 5.83893e-08)
progress = 2.0

[node name="MeshInstance3D2" type="MeshInstance3D" parent="BodyElements/InternalCurve2/el_2"]
transform = Transform3D(7.54979e-08, -3.55271e-15, -1, 0.707107, 0.707107, 5.33851e-08, 0.707107, -0.707107, 5.33851e-08, 0, 0, 0)
mesh = SubResource("BoxMesh_ygcbp")
skeleton = NodePath("../../../Z-Circle")

[node name="el_3" type="PathFollow3D" parent="BodyElements/InternalCurve2"]
transform = Transform3D(1.40313e-07, -0.63976, 0.768571, 1.16051e-07, -0.768571, -0.63976, 1, 1.7896e-07, -3.35953e-08, 0.378358, -0.919549, -4.26374e-09)
progress = 4.0

[node name="MeshInstance3D" type="MeshInstance3D" parent="BodyElements/InternalCurve2/el_3"]
transform = Transform3D(7.54979e-08, -3.55271e-15, -1, 0.707107, 0.707107, 5.33851e-08, 0.707107, -0.707107, 5.33851e-08, 0, 0, 0)
mesh = SubResource("BoxMesh_ygcbp")
skeleton = NodePath("../../../Z-Circle")

[node name="el_4" type="PathFollow3D" parent="BodyElements/InternalCurve2"]
transform = Transform3D(-7.3756e-08, -0.801022, 0.598632, 9.0391e-08, -0.598632, -0.801022, 1, -4.96921e-09, 1.16558e-07, -1.02874, 0.497883, -1.02497e-07)
progress = 6.0

[node name="MeshInstance3D" type="MeshInstance3D" parent="BodyElements/InternalCurve2/el_4"]
transform = Transform3D(7.54979e-08, -3.55271e-15, -1, 0.707107, 0.707107, 5.33851e-08, 0.707107, -0.707107, 5.33851e-08, 0, 0, 0)
mesh = SubResource("BoxMesh_ygcbp")
skeleton = NodePath("../../../Z-Circle")

[node name="el_5" type="PathFollow3D" parent="BodyElements/InternalCurve2"]
transform = Transform3D(1.38268e-07, -0.725153, -0.688586, -5.96046e-08, 0.688586, -0.725153, 1, 1.41308e-07, 5.19868e-08, -1.26336, 1.55159, -1.11251e-07)
progress = 7.17598

[node name="MeshInstance3D" type="MeshInstance3D" parent="BodyElements/InternalCurve2/el_5"]
transform = Transform3D(7.54979e-08, -3.55271e-15, -1, 0.707107, 0.707107, 5.33851e-08, 0.707107, -0.707107, 5.33851e-08, 0, 0, 0)
mesh = SubResource("BoxMesh_ygcbp")
skeleton = NodePath("../../../Z-Circle")

[node name="el_6" type="PathFollow3D" parent="BodyElements/InternalCurve2"]
transform = Transform3D(-3.02474e-07, 0.888987, 0.457925, 1.78323e-07, -0.457925, 0.888987, 1, 3.50554e-07, -2.00165e-08, 1.0782, 0.298463, 8.4545e-08)
progress = 0.896997

[node name="MeshInstance3D" type="MeshInstance3D" parent="BodyElements/InternalCurve2/el_6"]
transform = Transform3D(7.54979e-08, -3.55271e-15, -1, 0.707107, 0.707107, 5.33851e-08, 0.707107, -0.707107, 5.33851e-08, 0, 0, 0)
mesh = SubResource("BoxMesh_ygcbp")
skeleton = NodePath("../../../Z-Circle")

[node name="HealthComponent" type="Node" parent="."]
script = ExtResource("2_i2pql")
max_health = 200

[node name="HurtComponent" type="Area3D" parent="."]
collision_layer = 2
collision_mask = 2
script = ExtResource("4_oaq1j")

[node name="CollisionShape3D" type="CollisionShape3D" parent="HurtComponent"]
shape = SubResource("SphereShape3D_rrk5u")

[node name="DeathComponent" type="Node" parent="."]
script = ExtResource("5_f4rxm")

[node name="AudioStreamPlayer3D" type="AudioStreamPlayer3D" parent="."]
stream = ExtResource("6_w8hoe")
volume_db = -11.034
unit_size = 6.56
autoplay = true
max_distance = 20.0

[node name="Timer" type="Timer" parent="."]
wait_time = 4.0
script = ExtResource("7_0f20c")

[connection signal="on_hit" from="HurtComponent" to="Timer" method="_on_hurt_component_on_hit"]
[connection signal="death" from="DeathComponent" to="." method="_on_death_component_death"]
[connection signal="timeout" from="Timer" to="." method="_on_timer_timeout"]
